2017012304,19980415
2016250327,19980108
2017013421,19980810
2017016206,19981110
2017016429,19991101
2016250434,19980630
2017025126,19980105
2017022213,19980510
2017022403,19960707
2017024203,19991206
2017023209,19980929
2017026215,19980101
2017033108,19990226
2017034119,19980903
2017031122,19990313
2017035119,19990614
2017042126,19981222
2017042307,19990114
2017043122,19981128
2017041213,19981020
2017041407,19991001
2017052204,19980928
2017063108,19981208
2017062119,19990820
2017083305,19990102
2017081120,19980910
2017081215,19980102
2017082207,19980902
2017111325,990519
2017112311,19990108
2017121133,19990207
2017121303,19970513
2017124204,19970906
2017125106,19980910
2017131414,20000124
2017136208,19980909
2017136410,19980410
2017146228,19980624
2017151622,19980808
2017155226,19990421
2017175130,19990318
2017252216,19990811
2017252217,19980619
2017252218,19980503
2017252220,19980910
2017252221,19990312
2017252222,990214
2017252223,19980825
2017252224,19991015
2017252225,19981128
2017252226,19970418
2017252228,19980808
2017252229,19980604
2017252230,19970701
2017252231,19981006
2017252232,19981113
2017252233,19990302
2017252234,19980524
2017252235,19980108
2017252301,19990620
2017252303,20000427
2017252304,19981103
2017252305,19990123
2017252306,19990602
2017252308,19990118
2017252309,19980503
2017252310,19971004
2017252313,19980705
2017252314,19980519
2017252315,19990106
2017252316,19990917
2017252317,19981225
2017252318,19941017
2017252320,19981009
2017252322,20010812
2017252323,19990801
2017252324,19981019
2017252325,19990312
2017252326,19990710
2017252328,19991014
2017252329,19981217
2017251020,19980711
2017251021,19990613
2017251023,20000131
2017251026,19980508
2017251027,19990826
2017251133,19990316
2017251135,19990126
2017251136,19990201
2017251137,19990129
2017251101,19990408
2017251102,19980617
2017251103,19980818
2017251104,19980414
2017251106,19990202
2017251107,19990505
2017251108,19991022
2017251109,19990329
2017251110,19970102
2017251111,19980625
2017251113,19981210
2017251114,19990317
2017251115,19990113
2017251116,19981207
2017251117,19960801
2017251118,19990806
2017251119,19990802
2017251120,20000125
2017251121,19980813
2017251122,19980815
2017251123,19980110
2017251124,19990901
2017251125,19980425
2017251126,19980322
2017251128,19980623
2017251129,19990105
2017251130,19990309
2017251132,19990701
2017252203,19980822
2017252205,990704
2017252208,19981208
2017252209,19980719
2017252212,19961106
2017252214,19990219
2017252330,19980905
2017252333,19980718
2017252334,19990403
2017252335,19990119
2017252407,19991229
2017252409,19991219
2017252410,19990402
2017252412,19981207
2017252413,19991111
2017252414,19981230
2017252417,19990927
2017252418,19991117
2017252419,19990525
2017252420,19980609
2017252421,19981102
2017252422,19990119
2017252423,19990412
2017252424,19990228
2017252425,20010203
2017252426,19990628
2017252427,19991121
2017252428,19970202
2017252429,19980627
2017252430,19990925
2017252432,19980512
2017252433,19981130
2017252434,20000115
2017252435,19990126
2017252401,19970720
2017252402,19991225
2017252404,19961007
2017252501,19980728
2017252502,19980701
2017252503,20000108
2017252504,19981215
2017252505,19990218
2017252506,19990120
2017252507,19990204
2017252509,19991109
2017252514,19980729
2017252515,19980416
2017252516,19990417
2017252517,19981220
2017252518,19980115
2017252519,19990206
2017250810,19970115
2017250811,19981114
2017250812,19980515
2017250813,19981019
2017250814,19990208
2017250815,19980716
2017250816,19990106
2017250817,19990930
2017250818,19990407
2017250819,19980509
2017250820,19990904
2017250821,19990629
2017250822,19990129
2017250824,19981203
2017250825,19991004
2017250826,19971212
2017250827,19990831
2017250828,19980828
2017250830,19981214
2017250831,19980914
2017250833,19980223
2017250834,19981217
2017250835,19981110
2017250901,19980824
2017250903,19990628
2017250904,19991108
2017250906,19981005
2017250908,19990310
2017250910,19990825
2017250911,19980805
2017250912,19981006
2017250914,19980815
2017250915,19981231
2017250918,19990830
2017250919,19990507
2017250920,19990520
2017250921,19980521
2017250923,19990504
2017250925,19990420
2017250926,19980210
2017250927,19981001
2017250928,19990511
2017250929,19990420
2017250930,20000805
2017250932,19991120
2017250934,19980328
2017252523,19990209
2017252527,19990507
2017252529,19980714
2017252530,19990618
2017252531,19990209
2017252533,19991108
2017252535,19990721
2017250201,19980923
2017250202,19980428
2017250203,19971027
2017250206,19990622
2017250207,19990728
2017250208,19980901
2017250209,19990520
2017250211,19980826
2017250214,19980513
2017250216,20011221
2017250217,19990926
2017250220,19990617
2017250221,19981123
2017250222,19981205
2017250224,19990806
2017250225,19960606
2017250226,19990902
2017250227,19980613
2017250228,19980917
2017250229,19981012
2017250230,19980622
2017250231,19981128
2017250232,19990202
2017250233,19980828
2017250234,19990203
2017250235,19980925
2017250236,19980817
2017250305,19980928
2017250306,19980818
2017250322,19990123
2017250307,19981031
2017250308,19990810
2017250323,19980928
2017250324,19980924
2017250325,19981229
2017250326,19990418
2017250327,19991020
2017250328,19980902
2017250329,19980731
2017250332,19990218
2017250333,19981216
2017250334,19990707
2017250335,20000115
2017250310,19990520
2017250311,19981205
2017250313,19990107
2017250314,19970913
2017250315,19980223
2017250316,19970831
2017250318,19980424
2017250319,19981202
2017250320,19990121
2017250321,19980917
2017250336,19990802
2017250301,19980812
2017250302,19981103
2017250303,19990819
2017250304,19990428
2017250402,19990320
2017250410,19990623
2017250403,19991209
2017250411,19981114
2017250412,19990530
2017250413,19971109
2017250404,19981214
2017250405,19990530
2017250416,19980905
2017250417,19990220
2017250406,19990325
2017250407,19980122
2017250408,19990210
2017250409,19930120
2017250419,19990601
2017250420,19980906
2017250421,19960917
2017250422,19980504
2017250423,990209
2017250424,19991014
2017250425,19970614
2017250427,19990620
2017250428,19990424
2017250429,19990212
2017250430,19970903
2017250431,19971010
2017250432,19970526
2017250434,19991208
2017250435,19990404
2017250436,19980429
2017250401,19980104
2017250501,19981018
2017250502,19980916
2017250503,20000115
2017250504,19980601
2017250505,19990714
2017250506,19980926
2017250507,19990721
2017250508,20000902
2017250509,19980914
2017250510,19991117
2017250511,19981019
2017250514,19981014
2017250515,19990113
2017250516,19971022
2017250517,19990706
2017250518,19981214
2017250519,19981113
2017250521,19991122
2017250522,19980105
2017250523,19980807
2017250524,19970713
2017250525,19980503
2017250527,19981110
2017250528,19980812
2017250530,19981125
2017250531,20000614
2017250532,19990904
2017250533,19980702
2017250534,19990406
2017250535,19990423
2017250629,19980627
2017250631,20000504
2017250632,19980411
2017250635,19980819
2017250636,19980820
2017250637,19971207
2017250601,19930604
2017250602,19950204
2017250603,19980820
2017250604,19981031
2017250605,19990208
2017250606,19980917
2017250607,19980815
2017250608,19990528
2017250609,19981102
2017250610,20000128
2017250611,19981125
2017250612,19980228
2017250613,20001007
2017250616,19990119
2017250617,19990709
2017250618,19971014
2017250620,19970730
2017250621,19990501
2017250622,19990419
2017250623,19990729
2017250625,19990322
2017250626,19960914
2017250628,19980822
2017250701,19980601
2017250702,19990520
2017250703,19980319
2017250704,19980726
2017250705,19990315
2017250707,19991027
2017250708,19990514
2017250709,19991018
2017250710,19981210
2017250711,19980830
2017250712,19990324
2017250713,19990202
2017250714,19990918
2017250716,19970720
2017250717,19980430
2017250718,19981119
2017250719,19980830
2017250721,19980627
2017250722,19990731
2017250723,19981121
2017250724,19990706
2017250725,20000213
2017250727,19991220
2017250728,19990314
2017250729,19990727
2017250730,19970607
2017250731,19981230
2017250732,19980512
2017250733,19981006
2017250735,19990621
2017250736,19990930
2017250801,19980908
2017250802,19990219
2017250803,19990806
2017250804,19980128
2017250805,19950115
2017250806,19990630
2017250807,19990731
2017250808,19990305
2017131411,19990725
2017131405,19981119
2017131423,19980207
2017131420,19970724
2017131426,19981104
2017131415,19980324
2017131425,19981022
2017131404,19990205
2016250831,19970606
2017131419,19990203
2017131402,19991028
2017131422,19990625
2017131409,19980823
2017131524,19980926
2017131503,19980905
2017131525,19980624
2017131518,20000111
2016250414,19970101
2017131519,19990508
2017131517,19970920
2017131512,20000705
2017131515,19990714
2017131502,20000525
2017131523,19980309
2017131506,19990105
2017131520,19981021
2017131526,19990722
2017131511,19971015
2017131504,19990615
2017131507,19990417
2017131514,19990321
2017131516,19990331
2017131522,19990126
2017131513,19980801
2017131624,19980721
2017131617,19990801
2017131607,19970501
2017131605,19981111
2017131604,19991028
2017131608,19990430
2017131601,19980408
2017131606,19981218
2017131602,19970810
2017131625,19991212
2017131603,19990106
2017131611,19990813
2017131622,19980314
2017131620,19980429
2017131612,19981021
2017136106,19990530
2017136114,19971020
2017136110,19980825
2017136101,19990517
2017136128,19990723
2017136111,19991102
2017136109,19990118
2017136116,19980925
2017136125,19990614
2017136131,19980328
2017136132,19990419
2017136122,19990215
2017136102,19981026
2017136126,19990311
2017136120,19981017
2017136115,19990106
2017136113,19981007
2017136129,19981021
2017136104,19980327
2017136123,19990302
2017136119,19980622
2017136107,19980306
2017136226,19990908
2017136209,19981012
2017136219,19990521
2017136214,19990413
2017136225,19980615
2017136227,19990206
2017136204,19980325
2017136217,19990318
2016250726,19970815
2017136205,19980410
2017136210,19990603
2017136224,19990109
2017136215,19990426
2017136221,19991015
2017136220,19960606
2017136218,19990525
2017136213,19990422
2017136202,19990424
2017136328,19990604
2017136325,19971021
2017136313,19990815
2017136317,19991022
2017136309,19980425
2017136304,19990401
2017136323,19990425
2017136322,19991029
2017136303,19980816
2017136301,19980528
2017136319,19990826
2017136327,19981001
2017136326,19981222
2017136318,19981128
2017136416,19990329
2017136428,19990421
2017136412,19990604
2017136423,19980904
2017136408,19980727
2017136407,19990805
2017136409,19990927
2017136402,19990921
2017136425,19980308
2017136413,19990324
2017136414,19961030
2017136420,19991214
2017136411,19990412
2017136404,19980716
2017136415,19990606
2017136424,19981208
2017136405,19981226
2017136418,19990419
2017136427,19990413
2017136501,19980816
2017136510,19991018
2017136505,19990108
2017136514,19990603
2017136508,20000130
2017136504,19980924
2017136513,19990209
2017136525,19980622
2017136524,19990824
2017136503,20000827
2017136511,19981012
2016250734,980925
2016250818,19970718
2017136517,19991001
2017136502,19980521
2017136506,19990406
2017136522,19990522
2017136509,19990329
2017136526,19990708
2017136515,19991006
2017136621,19990514
2017136611,19981118
2017136615,19990503
2017136625,19971104
2017136617,19990520
2017136604,19971111
2017136614,19980203
2017136602,19990220
2017136622,19960816
2017136624,20000125
2017136618,19981105
2017136619,19980802
2017136605,19980709
2017136608,19990810
2017136606,19990224
2017136612,19981002
2017136609,19990512
2017136627,19991201
2017136603,19981112
2017136607,19981114
2017136626,19990222
2017142107,19990521
2017142127,19980819
2017142101,19980702
2017142115,19970906
2017142121,19981009
2017142126,19981127
2017142105,19990612
2017142109,19990304
2017142104,20000819
2017142112,19980831
2017142113,19990922
2017142106,19991001
2017142117,19990809
2017142119,19990511
2017142116,19991018
2017142108,980311
2017142129,19990910
2017142114,19990428
2017142122,19990423
2017142124,19980207
2017142211,19990507
2017142222,19970512
2017142216,19990925
2017142201,19970906
2016250512,19980724
2017142207,19990227
2017142205,19990911
2017142225,19990310
2017142219,20000328
2017142226,19970201
2017142206,19981030
2017142212,19990731
2017142204,19990317
2017142218,19980923
2017142217,19990322
2017142215,19981028
2017142203,19981115
2017146106,19981210
2017146125,19981009
2017146119,19990129
2017146108,19980401
2017146120,19990925
2017146114,19971129
2017146127,19990421
2017146126,19981001
2017146101,19991104
2017146122,19970715
2017146115,19990814
2017146104,19980828
2017146123,19990410
2017146105,19980729
2017146118,19970105
2017146111,19980327
2017146103,20000426
2017146129,19990205
2017146130,19991225
2017146229,19981003
2017146217,19980802
2017146206,19971028
2017146205,19990523
2017146213,19980919
2017146224,19981220
2017146226,19970215
2017146212,19950601
2017146207,19990222
2017146225,20000402
2017146209,19990117
2017146211,19991216
2017146219,19990720
2017146214,20000627
2017146216,19970801
2017146204,19980224
2017146218,19990908
2017146221,19990419
2017146203,19981105
2017146210,19981215
2017146223,19980528
2017146220,19990307
2017146227,19990817
2017146222,19991120
2017146201,19991001
2017148113,19980619
2017148116,19990225
2017148119,19970310
2017148110,19990904
2017148128,19980217
2017148121,19960910
2017148120,19990422
2016250925,19971221
2017148102,20000206
2017148123,19970502
2017148125,19981217
2017148127,19991124
2017148105,19981221
2017148122,19980705
2017148216,19981022
2017148223,19961220
2017148222,19990516
2017148207,19980715
2017148211,19990222
2017148210,19990112
2017148219,19990606
2017148218,19990326
2017148208,19990314
2017148224,19970403
2017148221,19971118
2017148206,19990116
2017148220,19990102
2017148209,19980104
2017148228,19980909
2017148204,19990706
2017148226,19971017
2017151124,19980606
2017151104,19970727
2017151127,19990324
2017151126,19970616
2017151113,19990721
2017151128,19990211
2017151123,19990305
2017151121,19971231
2017151120,20000518
2017151109,19980721
2017151115,19970326
2017151102,19990823
2017151111,19990805
2017151105,20000503
2017151118,20000308
2017151112,19981229
2017151116,19990510
2017151110,19990521
2017151125,19990726
2017151119,19980515
2017151221,19981113
2017151203,20000521
2017151228,19991209
2017151202,19990115
2017151219,19981101
2017151217,19990302
2017151220,19981224
2017151218,19990720
2017151222,19980821
2017151211,19990808
2017151225,19981216
2017151205,19990202
2017151224,19981002
2017151215,19980310
2017151214,19990723
2017151229,19981020
2017151206,19970715
2017151315,19990929
2017151302,19990903
2016250426,19950922
2017151305,981203
2017151320,19990202
2017151307,19980504
2017151328,19990505
2017151303,980520
2017151323,20000416
2017151309,19970916
2017151314,19981015
2017151304,19991023
2017151317,19970503
2017151329,19990607
2017151310,19980801
2017151312,19991007
2017151325,19990903
2017151327,19990415
2017151316,19990818
2017151311,19991001
2017151401,19990511
2016250313,19980220
2017151422,19970925
2017151417,19990301
2017151413,19980418
2017151419,19990807
2017151429,19990618
2017151420,19990317
2017151427,19981105
2017151424,990223
2017151405,20000101
2017151414,19991007
2017151410,19990315
2017151407,19980804
2017151408,19990304
2017151517,19981005
2017151527,19981204
2017151505,19980724
2017151523,19970921
2017151502,19980424
2017151506,19990510
2017151516,19981016
2017151526,19980712
2017151508,19980701
2017151528,19980716
2017151509,19990328
2017151511,19960413
2017151513,19990721
2017151518,19990914
2017151520,19991023
2017151522,19991011
2017151529,19980810
2017151530,20000113
2017151519,19980221
2017151512,19990315
2017151521,19990407
2017151616,19981226
2017151613,19980112
2017151611,19981111
2017151615,19991019
2017151608,19990211
2017151614,19990101
2017151626,19980201
2017151612,19980713
2017151604,19980903
2017151625,20000620
2017151629,19990303
2017151610,19980215
2017151630,19981106
2017151603,19981010
2017151618,19980715
2017151609,19971220
2017151623,19980327
2017151628,19990213
2017155101,19990822
2017155110,19990929
2017155115,19990711
2017155120,19980122
2017155127,19990322
2017155128,19990730
2017155104,19990716
2017155123,19990114
2017155126,19990310
2017155118,19980802
2017155124,19990114
2017155121,20000324
2017155112,19990105
2017155125,19981217
2017155114,19971221
2017155213,19991106
2017155224,19990527
2017155219,19970302
2017155217,19990427
2017155203,19981112
2016250430,970815
2017155215,19990524
2017155228,20000106
2017155218,19981013
2017155216,19990224
2017155220,19990818
2017155202,20000110
2017155227,19990414
2017155225,19981210
2017155209,19990909
2017155221,19981211
2017155204,19990127
2017171127,19990618
2017171124,19970923
2017171105,20000306
2017171111,19980906
2017171101,19980114
2017171120,19970725
2017171125,19991023
2017171103,19980916
2017171108,19981012
2017171115,19990307
2017171113,19990812
2017171121,19981004
2017171107,19980103
2017171130,19990701
2017171112,19971028
2017171117,19961129
2017171123,19970827
2017171109,19990301
2017171104,19981107
2017171106,19970910
2017171128,19990609
2017171129,19971108
2017171214,19990713
2017171204,20000105
2017171201,19990121
2017171223,19981206
2017171221,19991124
2017171206,19980710
2017171227,19990622
2017171210,19981222
2017171209,19980813
2017171219,19980508
2017171218,19990611
2017171229,20000624
2017171215,19981022
2017171213,19990316
2017171207,19990717
2017173112,19991021
2017173115,19970106
2017173111,19990920
2017173120,19990930
2017173125,19990825
2017173109,19980102
2017173126,19981108
2017173103,20000104
2016250516,19980305
2017173123,19990313
2017173102,19980928
2017173104,19980413
2017173108,19980609
2017173124,19981117
2017173122,19980613
2017173101,19990222
2017173113,19990512
2017173106,19990514
2017173110,19981214
2017173119,19990122
2017173118,19980501
2017173212,19990715
2017173218,19981106
2017173225,19980822
2017173226,19990310
2017173202,19990520
2017173208,19980907
2017173215,19981109
2017173211,19990101
2017173222,19980325
2017173219,19981119
2017173206,19991030
2017173221,19981027
2017173205,19990110
2017173214,19980619
2017173213,19980814
2017173217,19980102
2017173201,19980218
2017175119,19991129
2017175110,000102
2017175113,19980615
2017175102,991118
2017175104,19990311
2017175123,19981231
2017175124,19991129
2017175133,19990310
2017175116,19990305
2017175120,19990107
2017175118,19990319
2017175125,19980319
2017175115,19981108
2017175128,19981013
2017175131,19980325
2017175129,19970118
2017175105,19990201
2017175106,19990223
2017175127,19980619
2017175117,19990522
2017175108,19990406
2017175204,19990517
2017175214,20000317
2017175217,19991205
2017175229,19990103
2017175230,19990415
2017175225,19990313
2017175228,19990120
2017175216,19981002
2017175227,19981004
2017175203,19981216
2017175205,19990609
2017175206,19991030
2017175222,19990919
2017175202,19980409
2017175226,19990516
2017175221,19990325
2017175224,19971021
2017175219,19981203
2017175215,19980521
2017175210,19990309
2017175232,19990825
2017175220,19981109
2017175218,19991204
2017175208,19980624
2017175207,19981023
2017175213,20000110
2017175231,19990913
2017175212,19970614
2017175211,990216
2017250120,19990402
2017250102,19990327
2017250122,19981130
2017250104,19990209
2017250123,19990614
2017250124,19990804
2017250125,19980128
2017250126,19981220
2017250108,19991203
2017250127,19990216
2017250128,19980820
2017250110,19981214
2017250111,19980310
2017250130,19981208
2017250131,19990219
2017250113,19980729
2017250132,20000608
2017250114,19991025
2017250133,19981230
2017250115,19990710
2017250134,19980509
2017250135,19980616
2017250117,19990705
2017250136,19981211
2017250118,19970515
2017250119,19980420
2017251030,19981217
2017251031,981120
2017251032,19990512
2017251033,19960205
2017251034,19981130
2017251035,20000906
2017251036,20000530
2017251037,19990414
2017251001,19980917
2017251002,19990816
2017251003,19990516
2017251006,19970927
2017251007,19980324
2017251008,20010106
2017251009,19980204
2017251011,19990101
2017251012,19970821
2017251013,19990412
2017251015,19990220
2017251017,19990908
2017251018,19990516
2017082426,19991008
2017082405,19990503
2017082418,19980524
2017082404,20000122
2017082408,19980528
2017094108,19990501
2017094107,19990426
2017094106,19990305
2017094116,19990128
2017094118,19990910
2017094105,19990928
2017094119,19981121
2017094117,19990622
2017094109,19990508
2017094110,20000216
2017094111,19990319
2017094112,19981021
2017094113,19981027
2017094114,19990521
2017094115,19990923
2017094104,19990720
2017094204,19991209
2017094217,19990507
2017094205,19980815
2017094209,19990224
2017094211,19991022
2017094201,19990104
2017094210,19990406
2017094214,19990520
2017094203,19980818
2017094220,19991204
2017094202,19990906
2017094216,19990223
2017093124,19970724
2017093107,20000306
2017093116,19990602
2017093121,19990613
2017093111,19990619
2017093122,19990512
2017093112,20000101
2017093118,19990215
2017093120,19980610
2017093114,19991006
2017093104,19990924
2017093115,19981105
2017093113,19990328
2017093101,19991224
2017093105,19981101
2017093109,19990314
2017093108,19990926
2017093117,19990429
2017093103,990516
2017093220,19980618
2017093216,19981106
2017093201,20000329
2017093211,19990221
2017093212,19990628
2017093206,19990507
2017093210,19990129
2017093219,19991001
2017093214,19990618
2017093203,20000105
2017093207,19970729
2017093204,19981008
2017093202,19990303
2017093209,19971217
2017093218,19990116
2017093213,19981003
2017093222,19981007
2017093217,19990807
2017093223,19980529
2017093314,19981228
2017093318,19970526
2017093321,19980208
2017093316,19980818
2017093303,19990627
2017093308,19981203
2017093310,19990817
2017093313,19980725
2017093301,19980909
2017093319,19990701
2017093311,19990705
2017093312,19991007
2017093306,19981230
2017093309,19980719
2017093320,19981121
2017093304,19991004
2017093317,19980324
2017093307,19980105
2017093305,19980817
2017093315,19980906
2017091118,19981026
2017091105,19991227
2016250518,19980725
2017091107,19990617
2017091103,19990615
2017091102,19991118
2017091119,19990402
2017091106,19980903
2017091108,19991211
2017091112,19980227
2017091101,19980923
2017091115,20000912
2017091111,19991220
2017091114,19980807
2017091110,19991222
2017091104,19981026
2017091113,19990127
2017091117,19990519
2017091202,990218
2017091208,19991210
2017091205,19981104
2017091212,19990623
2017091215,19990811
2017091216,19990210
2017091206,19981226
2017091203,19990901
2017091209,19971125
2017091210,19990225
2017091218,19990608
2017096102,19981208
2017096123,19990215
2017096118,19990831
2017096119,19980424
2017096107,19990412
2017096108,19980120
2017096112,19980401
2017096106,19990830
2017096122,19981102
2017096121,19990720
2017096125,990930
2017096113,19981016
2017096103,990624
2017096105,19990226
2017096110,19990815
2017096114,19990726
2017096111,19980924
2017096104,19991225
2017096117,19981219
2017111109,19980308
2017111132,19980716
2017111102,19991012
2017111110,19981018
2017111129,19990811
2017111111,20000313
2017111125,19981231
2017111120,19980508
2017111113,19980424
2017111127,19990920
2017111122,19990115
2017111118,19980601
2017111116,19991225
2017111101,19970514
2017111119,19980225
2017111108,19990423
2017111106,19980810
2017111123,19981114
2017111104,19981005
2017111130,19981110
2017111112,19980720
2017111222,19980915
2017111209,19981113
2017111217,19971105
2017111220,19990122
2017111224,19991211
2017111218,19980303
2017111212,19980430
2017111204,19980510
2017111226,19980731
2017111203,19990902
2017111210,19970703
2017111214,19981226
2017111208,19980909
2017111201,19990818
2017111211,19981107
2017111231,19980825
2017111221,19990721
2017111225,19990817
2017111229,19981110
2017111320,19980724
2017111314,19990510
2017111322,19980717
2017111327,19981103
2017111304,19990412
2017111321,19990618
2017111316,19991104
2017111306,19980909
2017111307,19980223
2017111318,19981203
2017111311,19980930
2017111319,19980902
2017111309,20000816
2017111330,19981225
2017111324,19991103
2017111302,19970628
2017111303,19961022
2017111313,19980503
2017111317,20000214
2017111323,19990305
2017111328,19980709
2017111315,19990225
2017111326,19990702
2017111308,19980215
2017111411,19981023
2017111407,19991120
2017111408,19980422
2017111410,19990221
2017111418,19990219
2017111417,19971120
2017111431,19990802
2017111423,19990605
2017111430,19990703
2017111429,19990310
2017111428,19980502
2017111419,19991024
2017111403,19981018
2017111402,19981227
2017111424,19990110
2017111425,19980121
2017111415,19990708
2017111422,19980806
2017111409,19980421
2017111412,19981209
2017111413,19980324
2017111401,19971231
2017111427,19971005
2017111404,19980601
2017111421,19980516
2017111414,19971229
2017112124,19980820
2017112119,19981125
2017112105,19990817
2017112107,20000203
2017112104,19981205
2017112108,19990101
2017112106,19981229
2017112123,19980808
2017112112,19970620
2017112118,19980808
2017112120,19980528
2017112130,19970629
2017112126,19991130
2017112109,19980529
2017112115,19990116
2017112117,19990215
2017112129,19990320
2017112102,19981115
2017112222,19980802
2017112207,19980219
2017112220,19990923
2017112204,19991130
2017112202,19990722
2017112225,19980601
2017112210,19990226
2017112218,19990726
2017112208,19990103
2017112217,19970416
2017112209,19990220
2017112201,19971112
2017112216,19990121
2017112212,19981222
2017112224,19981024
2017112206,19990906
2017112226,19990429
2017112219,19971209
2017112308,19990928
2017112305,19980728
2017112318,19980414
2017112315,19981120
2017112301,19980702
2017112323,19990115
2017112320,19980911
2017112329,19981217
2017112312,19990813
2017112302,19971129
2017112317,20001205
2017112313,19991220
2017112324,19991212
2017112310,19990818
2017112316,19991223
2017112303,19980913
2017112322,19990915
2017112325,19981022
2017112330,19991120
2017114124,19990219
2017114113,19981117
2017114102,19990513
2017114105,19990131
2017114101,19980129
2017114129,19981008
2017114114,19980510
2016250806,19970219
2017114123,19970720
2017114125,19991009
2017114116,19990827
2017114119,19991015
2017114109,19991003
2017114111,19970617
2017114112,19990623
2017114120,19980730
2017114121,980325
2017114108,20000323
2016250136,19980419
2017114204,19980919
2017114215,19980917
2017114225,19990503
2017114211,20000226
2017114210,19970826
2017114214,19971112
2017114209,19980108
2017114228,19980210
2017114221,19991125
2017114224,19980917
2017114220,19960506
2017114219,19990106
2017121112,19990116
2017121120,19990804
2017121105,19990615
2017121116,19990927
2017121104,19990129
2017121115,19990311
2017121108,19990516
2017121101,19991016
2017121110,19990807
2017121121,19990716
2017121132,19991025
2017121111,19990313
2017121124,19981010
2017121129,19970317
2017121117,19990731
2017121135,19991209
2017121114,20000119
2017121107,19981010
2017121123,19981221
2017121102,19981231
2017121109,19990903
2017121106,19980904
2017121131,20000205
2017121113,19990322
2017121125,19980910
2017121118,19981114
2017121218,19991114
2017121214,19981207
2017121206,19990905
2017121205,20000505
2016251011,19970713
2016251101,19980904
2017121216,19980819
2017121222,19990103
2017121217,19980516
2017121215,19961012
2017121219,19970412
2017121221,19981212
2017121314,19980724
2017121313,19980710
2017121307,19990204
2017121318,19990610
2017121308,19990715
2017121322,19990315
2017121305,19990717
2017121302,19990712
2017121312,19990204
2017121310,19990906
2017121301,19980818
2017121306,19970620
2017121315,19981029
2017122116,19990910
2017122119,19990825
2017122118,19980824
2017122130,19980407
2017122107,990118
2017122105,19990324
2017122104,19980603
2017122106,19981104
2016250633,990208
2017122108,19981222
2017122114,19970313
2017122117,19980829
2017122126,19980510
2017122129,19990313
2017122109,19990629
2017122112,19981214
2017122113,19990330
2017122102,19980521
2017122229,19990805
2017122209,20000114
2017122213,19980421
2017122206,990723
2017122203,19990211
2017122210,19990628
2017122212,19990524
2017122215,19980802
2017122227,20000628
2017122207,20000516
2017122228,19990915
2017122218,19980923
2017122202,19990402
2016251110,19990217
2017122216,19991002
2017122226,19990627
2017122224,19990913
2017124115,19980824
2017124123,19990110
2017124118,19980415
2017124128,19980603
2017124116,19991205
2017124105,19990108
2017124126,19990321
2017124106,19991019
2017124119,19990831
2017124117,19990823
2017124127,19981115
2017124120,19990304
2017124103,19981220
2017124104,19990621
2017124114,19971209
2017124101,19980529
2017124111,19990209
2017124121,19981121
2017124125,19980628
2017124107,19990415
2017124129,19980610
2017124226,19990610
2017124213,19990418
2017124212,19990210
2017124222,19990918
2017124219,19991205
2017124223,19980924
2017124211,19981122
2017124221,19990306
2017124208,19981217
2017124206,20000216
2017124216,19981223
2017124220,19990426
2017124203,19980822
2017124202,19990313
2017124217,19981007
2017124209,19981130
2017124218,19991114
2017124205,19991120
2017124224,19990102
2016251122,19970819
2017124215,19990811
2017124321,19980321
2017124325,19990702
2017124313,19991021
2017124305,19991003
2017124315,19960101
2017124317,19991105
2017124318,19990819
2017124326,19981006
2017124307,19990529
2017124309,19981217
2017124303,19980911
2017124314,19981228
2017124312,19980426
2017124319,19980616
2016251015,19990310
2017124304,19990325
2017124322,19990424
2017124311,19990118
2017124306,19990701
2017124320,19990626
2017124308,19991223
2017124411,19990208
2017124405,19980620
2017124419,19991215
2017124417,19971021
2017124421,19981209
2017124422,19990709
2017124423,19980501
2017124403,19981230
2017124418,19980220
2017124409,19990202
2017124412,19981028
2016251123,19971009
2017124407,19981207
2017125113,19990304
2017125124,19981123
2017125112,19990823
2017125102,19990821
2017125108,19990402
2017125125,19990526
2017125110,19980731
2017125128,19950412
2017125116,19990324
2017125121,19980814
2017125123,19960502
2017125126,19970603
2017125119,19980715
2017125127,19980602
2017125107,20000205
2017125101,19980130
2017125118,19980601
2017125224,19981211
2017125221,19990119
2017125201,19981117
2017125207,19980730
2017125216,19980420
2017125219,19990111
2017125214,19990903
2017125220,19990605
2017125213,19980701
2017125204,19990518
2017125223,19960202
2017125212,19981222
2017125209,19990114
2017125203,19990610
2017125225,19980917
2017125215,19971018
2017125218,19990711
2017125314,19990418
2017125302,20000417
2017125320,19991010
2017125325,19990522
2017125305,19981021
2017125313,19990408
2017125316,19980821
2017125326,991130
2017125311,19990513
2017125324,19980821
2017125319,19981116
2017125315,19980517
2017125317,19970517
2017125309,19990318
2017125327,19990414
2017125323,19981120
2017125307,19990909
2017125303,19990621
2017125312,19990501
2017125310,19981207
2017132108,19990526
2017132119,19980209
2017132121,19980823
2017132113,20000619
2017132126,19981203
2017132122,19980516
2017132118,19981208
2017132125,19990911
2017132117,19970213
2017132104,19981103
2017132110,19990919
2016250634,19971222
2017132127,19970310
2017132101,19990223
2017132105,19990415
2017132116,19990226
2017132114,19981201
2017132102,19990522
2017132112,19990826
2017132124,19981021
2017132123,19971023
2017132129,19980907
2017132216,19990822
2017132222,19981010
2017132203,19981023
2017132205,19990326
2017132226,19971122
2017132215,19980114
2017132202,19991107
2017132228,19990315
2017132225,19970114
2016250930,19970819
2017132214,19990317
2017132208,19980916
2017132224,19981027
2017132204,19990423
2017132213,19980625
2017132211,19990526
2017131115,19981116
2017131107,19981227
2017131103,19991004
2017131106,19990124
2017131123,19990831
2017131116,19990401
2017131110,19990312
2017131117,19990418
2017131105,19990204
2017131112,19980831
2017131104,19990316
2017131114,19980903
2017131111,19961220
2017131109,19960405
2017131101,19991223
2017131121,19980828
2017131132,19990315
2017131125,19981110
2017131102,19980412
2017131122,19990108
2017131126,19990507
2017131119,19990402
2017131113,19980225
2017131131,19990712
2017131118,19991105
2017131215,19980704
2017131205,19991221
2017131212,19990503
2017131220,19990209
2017131216,19970421
2017131217,19990121
2017131227,19991021
2017131204,19990317
2017131225,19990114
2017131206,20000122
2017131219,19991129
2017131221,19981227
2017131208,19991226
2017131222,19980430
2017131211,19991106
2017131223,19980923
2017131213,19990118
2017131232,19990809
2017131322,19990226
2017131324,19990404
2017131309,19991126
2017131313,19990517
2017131306,19980829
2017131325,19990430
2017131314,19981214
2017131305,19980403
2017131317,19980820
2016250834,19970706
2017131308,19980927
2017131302,19971212
2017131323,19991007
2017131321,19981120
2017131307,19991215
2017131316,19980707
2017131403,19980308
2017131424,19991016
2017043224,19981217
2017043205,19990223
2017043218,19981207
2017043213,19990130
2017043221,19990824
2016250433,19981117
2017043225,19990527
2017043223,19990702
2017043212,19990125
2017043207,19991002
2017043203,19981206
2017043219,19990523
2017043226,19990601
2017043204,19981018
2017043211,19990516
2017043209,19981010
2017043214,19990410
2017043202,19990208
2017041116,19990525
2017041109,19990411
2017041114,19990505
2017041112,19980528
2017041104,19981111
2017041121,19980209
2016250610,19980815
2017041113,19991114
2017041123,19980519
2017041102,19970425
2016250934,19971120
2017041101,981216
2017041119,19981018
2017041106,19980328
2017041122,19981022
2017041125,19970720
2017041120,19990824
2017041111,19990430
2017041202,19990916
2017041219,19990624
2017041220,19990403
2017041209,19990707
2017041207,19990106
2017041210,19990610
2017041218,19990830
2017041225,19991003
2017041208,19981013
2017041217,19980216
2017041206,19990512
2017041221,19980903
2016251111,19970606
2017041215,19990314
2017041223,19990211
2017041222,19980810
2017041201,19991123
2017041224,19990721
2017041203,19970504
2017041205,19980907
2017041212,19990226
2017041301,19980423
2017041303,19981017
2017041316,19990705
2017041310,20000118
2017041302,19990611
2017041321,19990426
2017041322,19990125
2017041314,19990407
2017041319,20000302
2017041312,19971119
2017041324,19990301
2017041318,19991014
2017041306,19981121
2017041313,19990830
2017041308,19991002
2017041305,19990111
2017041406,19990207
2017041412,19990304
2017041417,19990521
2017041404,19981028
2017041408,19990718
2017041418,19981014
2017041416,19980329
2017041411,19981026
2017041409,19980925
2017041414,19990913
2017041403,19980117
2017041420,19990411
2016251014,19980824
2016251322,19980401
2017041410,19990403
2017041405,19970110
2017041415,19980721
2017041419,19991111
2017041421,19990304
2017052111,19991209
2017052110,19990630
2017052118,19990326
2017052103,19990202
2017052106,19981206
2017052126,19980526
2017052120,19980726
2017052104,19991109
2017052116,20000128
2017052129,19991003
2017052101,19980813
2017052122,19981214
2017052125,19981123
2017052124,19990307
2017052128,19990322
2017052107,19980902
2017052119,19980816
2017052109,19980826
2017052102,19990121
2017052114,19970802
2017052127,19970808
2017052123,19980502
2017052121,19981110
2017052221,19990530
2017052207,19990208
2017052225,20000203
2017052203,19991027
2017052224,19991013
2017052216,19980709
2017052211,19990315
2017052201,19980731
2017052217,19971109
2017052202,19990423
2016250926,981207
2017052218,19980404
2017052210,19990506
2017052228,19990510
2017052222,19991109
2017052214,19990802
2017052209,19981010
2017052215,19981009
2017052227,19980821
2017052219,19991116
2017052206,19981009
2017051107,19990531
2017051102,19991107
2017051103,20000210
2017051128,19990905
2017051106,19980417
2017051124,19970818
2017051104,19990522
2017051113,19980915
2017051110,19970525
2017051114,20000123
2017051121,19990605
2016250828,19970315
2017051115,19980514
2017051126,19990303
2017051116,19990326
2017051101,19980222
2017051108,19980713
2017051122,19971109
2017051125,19980820
2017051117,20000421
2017051123,19990115
2017051105,19990828
2017051109,19991222
2017051119,19981220
2017051111,20000205
2017051112,19980507
2017053112,19990211
2017053101,19990330
2017053104,19990516
2017053126,19990809
2017053106,19990907
2017053115,19971126
2017053119,19980302
2017053107,19980628
2017053124,19990722
2017053116,19990602
2017053103,19970217
2017053108,19991027
2017053105,990407
2017053114,19990303
2017053128,20000208
2017053130,19981018
2017053123,19990429
2017053205,19990318
2017053224,19990611
2017053211,19990525
2017053214,19971217
2017053216,19970601
2017053201,19981116
2017053210,19971103
2017053215,19970305
2017053228,19990912
2017053226,19990713
2017053225,19981211
2017053212,19971020
2017053206,19981130
2017053223,19981107
2017053203,19990514
2017053218,20000614
2017053202,19990221
2017053229,991015
2017053207,19970525
2017053222,19991108
2017063111,19991030
2017063115,19980317
2017063118,19990216
2017063102,19990725
2017063121,19981209
2017063105,19991106
2017063119,19980226
2017063127,19990622
2017063116,19990214
2016250622,19980120
2017063128,19980530
2017063117,19980611
2017063126,19990903
2017063107,19990814
2017063125,19991028
2017063122,19980805
2017063112,19990422
2017063103,19990713
2017063104,19990528
2016251324,19970718
2017063106,19980727
2017063124,19991017
2017063222,19980517
2017063220,19971015
2017063211,19980917
2017063203,19981227
2017063207,19951220
2017063209,19980528
2017063223,19980506
2017063221,19990923
2016251013,20010503
2017063208,19990313
2017063206,20000112
2017063202,19970201
2016251209,19980506
2017063214,19990708
2017063224,19990916
2017063201,19991013
2017064125,19990526
2017064112,19990815
2017064116,19990309
2017064124,19990412
2017064126,19980614
2017064115,19991028
2017064114,19990228
2017064113,19980307
2017064102,20000415
2017064117,19990609
2017064121,19991231
2017064107,20000130
2017064110,20000401
2017064118,19990915
2017064103,19990410
2017064119,19990217
2017064109,19981024
2017064120,19990804
2017064226,19991031
2017064214,19990330
2017064208,19990330
2017064202,19991008
2017064207,19990307
2017064223,19980917
2017064220,19990504
2017064217,19971001
2017064213,19981029
2016251009,19990107
2017064204,19990104
2017064225,19991127
2017064218,19971228
2017064215,19980628
2017061115,19990205
2017061106,19990210
2017061122,19990106
2017061109,19991126
2017061118,19981221
2017061124,19990802
2017061107,19981113
2017061101,19980304
2017061117,19980105
2017061126,19980710
2017061111,19981025
2017061114,19961005
2017061104,19990320
2017061112,19990909
2017061105,19990902
2017061127,19980328
2017061102,19990320
2017061120,19990615
2017061123,19971106
2017061103,19980218
2017061128,19990123
2017061224,19991028
2017061219,19980612
2017061207,19970424
2017061208,19980714
2017061216,19980220
2017061209,19980410
2017061227,19981012
2017061214,19981213
2017061213,19990718
2017061204,19990722
2017061215,19971127
2017061203,19981125
2017061206,20000220
2017061226,19990831
2017061205,19990630
2017062115,19981103
2017062113,19990629
2017062102,19990613
2017062109,19980908
2017062124,19980227
2017062101,19981116
2016250711,19980705
2017062105,19990305
2017062111,19990626
2017062107,19980623
2017062126,19990510
2017062112,19990212
2017062122,19981203
2017062120,19980428
2016251325,19980408
2017062110,19990130
2017062224,19990425
2017062213,19990831
2017062226,19990314
2017062203,19990415
2017062211,19980813
2017062214,19990920
2017062212,19981020
2017062209,19980208
2017062204,19981231
2017062218,19990418
2016250908,19970130
2017062216,19980903
2017062206,19990101
2017062205,19990109
2017062221,19990508
2017062207,19980619
2017062220,20000104
2016251315,19970403
2017062308,19990705
2017062321,990305
2017062306,19980827
2017062305,19990524
2017062304,19980805
2017062325,19990123
2017062319,19961129
2017062312,19990804
2017062311,19970605
2017062323,20000406
2017062301,19990223
2017062317,19990128
2017062315,19990701
2017062318,20000107
2017062302,19980812
2017062309,19990709
2017083130,19980315
2017083110,19991019
2017083129,19981110
2017083123,19990115
2017083120,19981221
2017083103,19990105
2017083108,19981224
2017083223,19980726
2017083226,19990111
2017083225,19980723
2017083208,19981005
2017083213,19990411
2017083215,19990915
2017083216,19971121
2017083205,19980321
2017083201,19980129
2017083218,19970709
2017083316,19990513
2017083310,19981224
2017083324,19981013
2017083326,19980608
2017083307,19980903
2017083319,19980728
2017083312,19990528
2017083315,19990829
2017083301,19970504
2017083325,19990223
2016250901,19980503
2017083322,19990723
2017083311,19970713
2017083303,19991011
2017083328,19981122
2017083327,19980817
2017083306,980520
2017083317,19990223
2017083426,19980910
2017083415,19990126
2017083414,19970308
2016250524,19980619
2016250528,19980702
2017083423,19991224
2017083417,19980923
2017083408,19990521
2017083419,19970815
2017083416,19981015
2017083421,19980824
2017083427,19980303
2017083410,19970810
2017083418,19990408
2017083401,19990111
2017083404,19990218
2017081108,19990202
2017081113,19980504
2017081127,20000222
2017081118,19990202
2017081131,19990417
2017081102,19981110
2017081105,19990316
2017081111,19981208
2017081110,19990901
2017081107,19990206
2017081128,19981001
2017081115,19981114
2017081117,19980316
2017081109,19990204
2017081101,19990209
2017081104,19960714
2017081133,19980508
2017081116,19990308
2017081124,19980808
2017081129,19990704
2017081112,19990918
2017081106,19980101
2017081205,19981028
2017081201,19990409
2017081228,19980204
2017081220,19990407
2017081216,19990806
2017081219,19981226
2017081232,20000118
2017081209,19981107
2017081217,20000208
2017081223,19990324
2017081210,19990828
2017081230,19950411
2017081231,19990813
2017081208,19990220
2017081222,20000130
2017081202,19990917
2017081218,19980827
2017081203,19981225
2017081212,20000725
2017081233,19971015
2017081326,19991123
2017081325,19990612
2017081310,971025
2017081311,19981113
2017081324,19990105
2017081312,19980930
2017081305,19990628
2017081314,19981001
2017081317,19981019
2016250803,19980903
2017081320,19990803
2017081321,19980710
2017081316,19980316
2017081302,19981016
2017081307,19981226
2017081318,19990315
2017081322,19991126
2017081315,19990408
2017081303,19990508
2016250228,19980515
2017081421,19960219
2017081422,19980901
2017081416,19990505
2017081404,19991109
2017081403,19980508
2017081407,19980603
2017081425,19980325
2017081424,20000527
2017081414,19981224
2017081409,19990429
2017081415,19980512
2017081413,19981127
2017081412,19980824
2017081426,19980725
2017081419,19990417
2017081406,19990125
2017081417,19990323
2017081506,19990104
2017081507,990403
2017081502,20000810
2017081503,19981029
2017081501,19990510
2017081505,19981006
2017081517,990617
2017081523,19990726
2017081524,19990727
2017081518,19981113
2017081511,19971229
2017081520,19990717
2017081513,19960308
2017081624,19980825
2017081610,19990326
2017081608,19990907
2017081622,19990108
2017081605,19981102
2017081602,19990305
2017081613,19980825
2017081615,19990428
2017081618,19991117
2017081625,19990205
2017081601,19960725
2017081616,19980708
2017081626,19990805
2017081612,19980528
2017081606,19990320
2017082114,19990128
2017082117,19980924
2017082104,19990124
2017082128,19990311
2017082112,19991015
2017082105,19990421
2017082109,19990217
2017082127,19990720
2017082129,19980409
2017082118,19970901
2017082115,19980902
2017082103,19980320
2017082101,19980619
2017082220,19990103
2017082210,19980308
2017082214,19990122
2017082209,19980403
2017082205,19981228
2017082208,19990310
2017082224,19980409
2017082215,19990502
2017082203,19980817
2017082221,19990923
2017082225,19971102
2017082223,19981207
2017082216,19990930
2017082204,19981210
2017082222,19980905
2017082211,19991022
2017082226,19980913
2017082218,19990221
2017082301,19990605
2017082323,19990705
2017082304,19990128
2017082307,19990919
2017082311,19980419
2017082315,19991127
2017082314,20000122
2016250602,19980216
2017082319,19970702
2017082305,19980803
2017082316,19980831
2017082306,19981105
2017082326,19990203
2017082320,19980805
2016250914,19980928
2017082303,19991210
2017082302,19981128
2017082308,19990527
2017082327,19990823
2017082421,19980912
2017082427,19990217
2017082403,19980921
2017082429,19980327
2017082411,20000109
2017082410,19980405
2017082414,19970810
2017082402,19990722
2017082416,19980130
2016250912,19990302
2017082412,19990521
2017025102,19980804
2017025127,19980625
2016250928,19980909
2017025131,19970831
2017025133,19990219
2017025124,19981024
2017025101,19990727
2017025129,19970927
2017025110,19971201
2017025122,19980202
2017025128,19981108
2017025103,19990202
2017025130,19960906
2017025112,19990511
2017025111,20000428
2017025115,19980816
2017025114,19990315
2017025134,19980326
2017025201,19991025
2017025208,19980106
2016250336,19960811
2017025216,19981025
2017025220,19980422
2017025206,19990723
2017025223,19981009
2017025222,19980828
2017025211,19990125
2017025217,19980302
2017025213,19981130
2017025227,19990330
2017025230,19990321
2017025218,19980404
2017025207,19990407
2017025204,19990213
2017025212,19991011
2017025205,19980519
2017025226,19990614
2017025234,19990319
2017025202,19980106
2017025203,19980306
2017025209,19980921
2017025224,19980215
2017025221,19990528
2017025231,19981124
2017025210,19980130
2017025232,19990723
2017022101,19990107
2017022102,19981221
2017022109,19950928
2017022108,19990210
2017022125,19981122
2017022121,19990708
2017022110,19980401
2017022126,19981117
2017022123,20000414
2017022104,19990814
2017022120,19970820
2017022115,19991003
2017022106,19990911
2017022217,980328
2017022222,19980612
2017022220,19971202
2017022211,19990629
2017022215,19990119
2017022210,19980218
2016250605,19970222
2017022206,19990619
2017022205,19980302
2017022212,19990202
2017022221,19970605
2017022223,19930513
2017022214,19980415
2017022209,19990815
2017022229,19990404
2017022204,19961105
2017022302,19990327
2017022329,19990205
2017022330,19981011
2017022310,19981102
2017022311,19981116
2017022313,19990105
2017022323,19970412
2017022307,19990504
2017022324,19981006
2017022326,19980826
2017022314,19981217
2017022328,19981012
2017022327,19990122
2017022322,19980523
2017022321,19970827
2016250907,19971219
2017022309,19990331
2017022315,19971225
2017022319,19980924
2017022301,19981024
2017022304,19990601
2017022306,19981201
2017022312,19971110
2017022411,19981110
2017022427,19970421
2017022423,19960411
2017022419,19980110
2017022422,19980608
2017022416,19980820
2017022410,19991015
2017022420,19961124
2017022401,19980903
2017022409,19970926
2017022402,19981129
2017022426,19980923
2017022421,19980817
2017022413,19990206
2017022415,991026
2017022408,19990615
2017022405,19981102
2017022428,19990829
2017022425,19990503
2017024126,19980202
2017024115,19981026
2017024129,19980811
2017024122,19970621
2017024124,19990105
2017024117,19980503
2017024105,20000128
2017024108,19981113
2017024106,19981213
2017024119,19980615
2017024113,19981214
2017024111,19980810
2017024121,19990401
2017024107,19990421
2017024127,19980206
2017024114,19980326
2017024104,19990930
2017024103,19980802
2017024116,19990315
2017024123,19990519
2017024110,19991113
2017024131,20000111
2017024118,19980405
2017024101,19990322
2017024109,19980310
2017024228,19990424
2017024220,990605
2017024210,19990628
2017024214,19991209
2017024211,981020
2017024223,19980225
2017024207,19971007
2017024213,19970524
2017024205,19990501
2017024209,19970323
2017024229,19990714
2017024215,19981114
2017024204,19980607
2017024216,19990808
2017024225,19990710
2017024201,19970914
2017024217,19990418
2017024208,19981008
2017024222,19980722
2017024226,19990314
2017023110,19981011
2017023115,19980426
2017023120,19990206
2017023124,19990128
2017023128,19980117
2017023122,19990422
2017023121,19990502
2017023105,19970208
2017023118,19981011
2017023117,19990705
2017023126,19990701
2017023123,19980819
2017023130,19991215
2017023127,19990412
2017023112,19980924
2017023114,19981204
2017023230,19990519
2017023218,19991112
2017023210,19990113
2017023205,20000131
2017023206,19990624
2017023217,19980826
2017023225,19990821
2017023214,19981016
2017023208,19990815
2017023223,19991204
2017023220,20000725
2017023221,19980204
2017023224,19980927
2017023212,19980123
2017023226,19980729
2017023215,19970911
2017023229,19990212
2017023203,19990731
2017023227,19980924
2017023222,19990524
2017023202,19981207
2017023324,19970105
2017023323,19980130
2017023329,19990817
2017023318,19980831
2016250513,19980614
2017023328,19970225
2017023317,19980518
2017023314,19981126
2017023319,19990305
2017023327,19981001
2017023309,20000226
2017023303,19980709
2017023302,19990605
2017023301,19960310
2017023315,19981007
2017023313,19981106
2017023427,991227
2017023416,20021003
2017023419,19981021
2017023418,19990714
2017023405,19980705
2016250717,19970113
2017023408,19981203
2017023403,19991013
2017023412,19980412
2017023425,19971212
2017023407,19981228
2017023409,19970904
2017023404,19990213
2017023402,19990708
2017023514,19981119
2017023525,19980201
2017023504,19970108
2017023503,19960803
2017023502,19981209
2017023515,19980801
2017023508,19980829
2017023513,19990413
2017023509,19971015
2017023519,19981222
2017023505,19991115
2017023524,19971219
2017023510,19991122
2017023528,19991220
2017023521,19981104
2017023526,19980408
2017023511,19990319
2017023517,19990114
2017023516,19980214
2017023507,19981008
2017023618,19990428
2017023617,19981202
2017023625,19980801
2017023607,19990320
2017023604,19970309
2017023620,19991027
2017023621,19990215
2017023629,19970213
2017023626,20000424
2017023611,19990225
2017023606,19990619
2017023610,19970722
2017023622,19990214
2017023624,19971023
2017023603,19981203
2017023605,19981025
2017023612,19991208
2017026123,19990702
2017026125,19991214
2017026103,19980202
2017026111,19990605
2017026120,19971007
2017026112,19990225
2017026104,19971019
2017026122,19990719
2017026121,19981024
2017026224,19990504
2017026223,19990613
2017026212,19970228
2017026216,19970324
2017026221,19980727
2017026206,19950616
2017026202,19980709
2017026225,19990203
2017026222,19971114
2017026209,19980704
2017026214,19990828
2017026226,19990430
2017026220,19971121
2017026210,19990126
2017026203,19980219
2017026201,19960728
2017026217,19990417
2017026219,19980928
2017039125,19981027
2017039112,19990927
2017039127,19990311
2017039119,19991009
2017039118,19980510
2017039114,19980422
2017039116,19990103
2017039117,19981028
2017039113,19980325
2017039105,19990707
2017039103,19981208
2017039109,19991109
2016250720,19980121
2017039104,19981226
2017039124,19980103
2017039123,19991120
2017039108,19990724
2017039106,19990315
2017039128,19991104
2017039101,19971009
2017039122,19990217
2017039224,19980913
2017039223,19980916
2017039209,19980922
2017039219,19990130
2017039214,19981029
2016250523,19970421
2017039203,20000724
2017039202,19980503
2017039206,19971228
2017039221,19990823
2017039226,20000119
2017039204,19971006
2017039205,19981030
2017039211,19980204
2017039213,19980530
2017039215,19981209
2017039207,19991024
2017039218,19990728
2017039210,19980530
2017039227,19981209
2017039228,19980531
2017033102,19990805
2017033121,19990806
2017033125,19981123
2017033106,20000212
2017033113,19971123
2017033124,19991019
2017033111,19990604
2017033123,19990617
2017033115,19991205
2017033103,19991111
2017033128,19990823
2017033112,19990409
2017033122,981228
2017033127,19990112
2017033129,19991215
2017033101,19990816
2017033126,19990208
2017033120,19970819
2017033107,19990810
2017033110,19980528
2017033104,19991001
2017033203,19980601
2017033209,990522
2017033212,19990713
2017033211,19990130
2017033219,19990925
2017033223,19990712
2017033214,19980620
2017033213,19990703
2017033206,19990617
2017033217,19990130
2017033205,19990428
2017033218,19980205
2017033215,19990612
2017033208,19990617
2017033202,19990530
2017033222,19991001
2017033225,19990201
2017033207,19981129
2017033226,19990504
2017033224,19980528
2017033210,19981014
2017033201,19980602
2016250317,19970601
2017034118,20000405
2017034125,19991214
2017034114,19990925
2017034103,19980829
2016250626,19980207
2017034113,19990312
2017034106,19981217
2017034128,19980730
2017034102,19980111
2017034105,19981023
2017034127,19981212
2017034101,19970729
2017034111,19981011
2017034107,19990119
2017034126,19990212
2017034121,19981222
2017034122,19971128
2017034115,19980322
2017034116,19980616
2017034109,19991117
2017034108,19971220
2017034117,19980117
2017034209,19981028
2017034222,19970406
2017034219,19991201
2017034204,19991030
2017034216,19980319
2017034210,19980105
2017034220,19981003
2017034218,19991017
2017034214,19990829
2017034227,19970926
2017034215,19981013
2017034217,19980828
2017034228,19990105
2017034202,19980307
2017034223,19981025
2017034208,19971001
2017034212,19990430
2017034205,19990822
2017034225,19990828
2017034224,19991125
2017031125,19991031
2017031108,19980305
2017031107,19990304
2017031118,19990717
2017031128,19991018
2017031114,19990723
2017031112,19990818
2017031130,19990521
2017031129,19991223
2017031105,19990528
2017031116,19990702
2017031120,19990716
2017031111,19990921
2017031132,20000117
2017031110,19991015
2017031117,19990406
2017031131,19961220
2017031101,19980616
2017031127,19981029
2017031113,19990725
2017031104,19991015
2017031124,20000129
2017031123,19990222
2017031126,19990830
2017031102,19990514
2017031109,19980627
2017031115,19981220
2017031209,19990805
2017031215,19980110
2017031203,19980528
2017031214,20000202
2017031220,19980718
2017031207,20000531
2017031219,19980721
2017031223,19980915
2017031216,19980525
2017031210,19981218
2017031217,19981215
2017031225,19980402
2017031221,19991016
2017031222,19980723
2017031208,19980517
2017035110,19980814
2017035122,19980126
2017035124,19981022
2017035113,19981111
2017035107,19990508
2017035126,19990601
2017035105,19981226
2017035101,19990504
2017035117,19980812
2017035118,19980728
2017035108,20000108
2017035111,19980306
2017035114,19980909
2017035121,19981212
2017035106,19980417
2017035129,19981004
2017035115,19991101
2017035128,19990315
2017035210,19970502
2017035207,19990710
2017035217,19980628
2017035218,19980219
2017035201,19980710
2017035223,19981203
2017035214,19990227
2017035228,19990915
2017035204,19981220
2017035216,19990701
2017035224,19990426
2017035221,19990609
2017035226,19990420
2017035212,19980424
2017035208,19980803
2017035213,19990721
2017037117,19971024
2017037127,19990830
2017037102,19990517
2016250521,19971214
2017037126,19981226
2017037110,19991028
2017037104,19980726
2017037119,19981212
2017037122,19990417
2017037121,20000122
2017037114,19990302
2017037108,19981122
2017037107,19981205
2017037105,19990810
2017037123,19990224
2017037106,19981008
2017037101,19961005
2017037115,19970624
2017037118,19980108
2017037103,19990104
2017037128,19991112
2017037211,19990515
2017037207,19980729
2017037212,19990726
2017037225,990904
2017037219,19980106
2017037227,19980128
2017037223,19980709
2017037218,19990118
2017042108,19990225
2017042111,19970623
2017042116,19990702
2017042104,19990416
2017042124,19981212
2017042125,19990103
2017042110,19990328
2017042106,19990609
2017042115,19981219
2017042121,19991106
2017042107,20000319
2017042117,19980522
2016251109,19970901
2017042101,19980131
2017042103,19980607
2017042202,19990215
2017042218,19981204
2017042212,19980328
2017042201,19980803
2017042225,19980603
2017042215,19990312
2017042211,19990711
2017042207,19990403
2017042208,19990128
2017042206,19991215
2017042216,19990807
2017042209,19991115
2017042205,19981128
2017042217,19990506
2017042226,19991015
2017042213,19990225
2017042210,19981102
2017042220,19980331
2017042306,19991203
2017042305,19990123
2017042326,19990329
2017042311,20000119
2017042303,19990510
2017042320,19990626
2017042322,19990925
2017042317,20000122
2017042314,19991018
2017042319,20000118
2017017109,19960823
2017017101,19980202
2017017120,19990719
2017017104,19991110
2016250623,19990312
2017017105,19991111
2017017121,19980822
2017017103,19990925
2017017114,19981207
2017017215,19990905
2017017224,19990413
2016250413,19971230
2017017206,19990601
2017017210,19991004
2017017211,19980224
2017017214,19980608
2017017220,19980824
2017017208,19991204
2017017205,19981223
2017017225,19981206
2017017213,19990509
2017017222,19981129
2017017223,19990813
2017017204,20000603
2017012109,19991025
2017012114,19990305
2017042309,19990911
2017042301,19981209
2017042312,19990916
2017042308,19990810
2017042323,19991214
2017042313,19981119
2017042423,19981124
2017042402,19990727
2017042408,20000306
2017042418,19990630
2017042403,19990322
2017042417,19980630
2017042409,19980622
2017042410,19990604
2017042416,20000322
2017042414,20000328
2017042411,19990724
2017042407,19980130
2017042425,19991110
2017042404,19991020
2017042421,19991006
2017042412,19960813
2017042415,19970305
2017042426,19990221
2017042424,19990623
2017043107,19990216
2017043108,19990318
2017043120,19990731
2017043113,19990119
2017043121,19981121
2017043109,19990209
2017043124,19990317
2017043119,19981215
2017043105,19970716
2017043114,19991026
2017043126,19980915
2017043101,19990815
2017043103,19981029
2017043104,19990709
2017043102,19981224
2017043111,19981219
2017043106,19981125
2017043112,19980117
2017012105,19991005
2017012108,19981012
2017012103,19981111
2017012111,19981115
2017012113,19990222
2017012104,19991216
2016250619,19971106
2017012115,19980407
2017012117,19970704
2017012102,980510
2017012116,19980929
2017012123,19990516
2017012122,19990325
2017012118,19981121
2016251001,19980929
2017012101,19991118
2017012110,19990405
2017012106,19990616
2017012112,19991210
2017012107,19981224
2017012119,19990720
2017012217,19980518
2017012223,19980823
2017012210,19991115
2017012213,20000119
2017012219,19990517
2017012209,19990130
2017012216,19980722
2017012206,19990915
2017012207,19960512
2017012208,19981115
2017012220,19980501
2017012224,20000323
2017012221,19970914
2017012214,19990525
2016251117,19971028
2017012204,19970808
2017012201,19981023
2017012312,19990608
2017012307,20000130
2017012302,19990525
2017012314,19980506
2017012328,000213
2017012320,19990331
2017012313,19980404
2017012309,19981124
2017012308,19991001
2017012301,19990125
2017012310,19981105
2017012321,19990417
2017012303,19961024
2017012327,19990617
2017012306,19990320
2017012315,19981023
2017012316,19990129
2017012325,19970501
2017012323,19990827
2017012326,19980810
2016251302,19980815
2017012322,19980613
2017013125,19981007
2017013118,19990807
2017013104,19971009
2017013128,19980928
2016250309,19970412
2017013116,19991217
2017013103,19990614
2017013122,19990126
2017013130,19991219
2017013127,19981110
2017013124,19991122
2017013112,19980511
2017013109,19990826
2017013115,19970601
2017013113,19970605
2017013108,19990408
2017013120,19981215
2017013102,19990406
2017013119,19980716
2017013107,19990322
2017013101,19980311
2017013126,19981005
2017013106,19961210
2017013123,19981024
2017013110,19951225
2017013114,19990428
2017013131,19980818
2017013211,19981228
2017013204,19990828
2017013228,19990316
2017013216,19990822
2017013210,19990217
2017013206,19980704
2017013209,19990626
2017013217,19991230
2017013220,19990415
2017013207,19980526
2017013208,19981218
2017013221,19990109
2017013201,19970609
2017013215,19980419
2017013212,19991026
2017013224,19970812
2017013226,19990128
2017013213,19980824
2017013202,19980804
2017013225,19990331
2017013227,19990723
2017013219,19981012
2017013218,19950710
2017013230,20000119
2017013229,19980222
2017013223,19980715
2017013214,19990610
2017013306,19970928
2017013321,19970808
2017013325,19990722
2017013313,19980624
2017013324,19990915
2017013312,20000701
2017013303,19980724
2017013317,20000620
2017013314,19980508
2017013301,19990830
2017013326,19980427
2016251020,19970925
2017013319,19980904
2017013308,19991016
2017013309,19991020
2017013330,19971125
2017013323,19980822
2017013310,20000307
2017013302,19990823
2017013401,19990128
2017013427,19970914
2017013410,19990822
2017013402,19991212
2017013417,19991215
2017013409,19981112
2017013429,19980910
2017013430,19991208
2017013406,19980202
2017013413,19990216
2017013414,19990616
2017013416,19990315
2016251008,19980130
2017013423,19971003
2017013407,19990131
2017013420,19991012
2017013404,19990210
2017013412,19990225
2017013419,19991115
2016251208,19980329
2017013415,19970918
2017013418,19981219
2017013426,19980604
2017013424,19980822
2017016113,970128
2017016111,19990213
2017016103,19990811
2017016104,990417
2017016116,19970504
2017016123,19980921
2017016110,19980729
2017016124,19990222
2017016118,19990331
2017016102,19981219
2017016106,19980202
2017016122,19981031
2017016120,19990210
2017016125,19981106
2017016126,19981112
2017016112,19990801
2017016127,19990122
2017016115,19990410
2017016121,19990628
2017016214,19981026
2017016211,19990225
2017016222,19990623
2017016220,19991208
2017016225,19980304
2017016221,19990128
2017016219,19991012
2017016215,19980821
2017016216,19990219
2017016208,19991105
2017016209,19990709
2017016212,19980927
2017016227,19990118
2017016226,19991207
2017016203,19981120
2017016228,20000105
2017016218,19991213
2017016229,19990823
2017016223,19980723
2017016205,19990406
2017016201,19990808
2016251301,19980914
2017016210,19980713
2017016204,19991226
2017016313,19981109
2017016317,19990318
2017016321,19980305
2017016318,19990609
2017016310,19990121
2017016314,19990907
2017016302,19980722
2017016326,19990121
2017016316,19991015
2017016312,19980620
2017016329,19990423
2017016301,19970120
2017016304,19990317
2017016308,19980712
2017016309,19991109
2017016327,19980710
2017016325,19990215
2017016305,19990120
2017016307,990208
2017016324,19981104
2017016418,19991004
2017016426,19991216
2017016402,19970830
2017016422,19990124
2017016412,19980406
2017016401,20001017
2017016416,19990520
2017016414,19980302
2017016420,19980201
2017016417,19990721
2017016408,19980419
2017016405,19971204
2017016517,19990708
2017016528,19990120
2017016511,19991010
2017016518,19981106
2017016506,19990509
2017016503,19981219
2017016527,19990621
2017016524,19990810
2017016522,19990925
2017016523,19990203
2016251017,19980719
2017016504,19990418
2016251116,19981229
2017016520,991127
2017016519,19990106
2017016525,19990511
2017014120,19990117
2016250323,19960109
2017014108,19981229
2017014114,20000120
2016250422,19960206
2017014123,19970606
2017014107,19990212
2017014101,19990319
2017014119,19980812
2017014110,19980420
2017014122,19980227
2017014115,19990226
2017014112,19960628
2017014104,19970608
2017014105,19990604
2017014118,19990908
2017014113,990223
2016251112,19970616
2017014102,19990527
2017014124,19990602
2017014103,19990127
2017014121,19990403
2017014214,19990423
2017014216,19981113
2016250522,19980630
2017014207,19990803
2017014219,19980609
2017014208,19980528
2017014209,19991115
2017014203,19990428
2017014212,19990126
2017014220,19981013
2017014224,19971104
2017014204,19980219
2017014221,19990408
2017014213,19981109
2017014202,19990728
2017014222,19990517
2016251313,19981212
2017014206,19990503
2016251318,19950810
2017014205,19990705
2017014210,19941012
2017025121,19990217
2017025113,19970117
2017025125,19980203
2017015106,19990915
2017015120,19980921
2017015119,19990531
2017015107,19990126
2017015111,19981002
2017015114,19980910
2016250732,19970517
2017015109,19950201
2017015108,19981223
2017015117,19991027
2016251107,19980118
2017015113,19970905
2016251304,19970818
2017015118,19980305
2017015102,19981024
2017015101,19980331
2017015203,19990315
2017015206,19990323
2017015217,19990801
2016250328,19981114
2017015204,19981214
2017015213,19990622
2017015210,19991016
2017015208,19991220
2017015220,19981230
2017015214,19980626
2017015205,19990310
2017015219,19980806
2017015201,19980527
2017015218,19990506
2017015207,19980721
2017015202,19980722
2017015211,19970929
2017015212,19990813
2017015224,19970607
2017015222,19981005
2017015225,19990818
2017015215,19980409
