2015083212,19970924
2016151627,19970226
2016012204,19981115
2016024224,19970504
2016173107,19970310
2016122115,19980220
2016175210,19960814
2016093109,970922
2016051124,19981116
2016091106,19980125
2016136402,19971030
2016173121,19980501
2016091211,19980102
2016173202,19980724
2016111106,19980831
2016096120,19971009
2016136227,971231
2015250228,19970109
2016250504,19981002
2016062202,980603
2016114103,971004
2016094128,19970608
2016053228,19980407
2016082414,19980525
2016131422,19990103
2016022227,19980610
2016062313,980420
2016173227,19980916
2016112201,19981116
2016041320,19970129
2016124410,19970613
2016151518,19990114
2016111220,19980103
2016131318,980422
2016081511,19980808
2016112124,19980220
2016121118,19980625
2016131231,971110
2016124315,19970520
2016124211,19971003
2016042402,19980324
2016096115,19971114
2016023609,19980428
2016146209,19980829
2016121220,19981229
2016023301,19970611
2016111318,19990113
2016039120,19960601
2016122224,19990101
2016053128,19970413
2016064120,19970129
2016031116,19980321
2016031114,19990612
2016013330,19970811
2016131226,19970910
2016136116,19970715
2016131211,19980307
2016136128,19980807
2016136131,19961210
2016121305,19961217
2016053227,19971126
2016026119,19971120
2016023511,19980710
2016114114,19980603
2016151322,19980605
2016037109,19971123
2016131512,19970710
2016114123,19981101
2016146116,19990205
2016026207,19971010
2016155202,19980308
2016053102,980214
2016121204,19980608
2016035212,19980102
2016023317,19981223
2016148123,19971107
2016132223,19980410
2016033114,19961024
2016023113,19971129
2016114216,19980418
2016051122,19980226
2016121126,19970314
2016151107,971209
2016148219,19970624
2016151604,19961215
2016173203,19980408
2016016404,19980102
2016136420,19980525
2016171120,19980606
2016016215,19950402
2016081104,19981207
2016042115,19960111
2016081210,970403
2016131218,19981124
2016083204,19980627
2016083322,981125
2016083418,19980524
2016081602,19960901
2016016318,19980806
2016052222,19970224
2016142103,19970527
2016155213,19960528
2016081114,19980318
2016124205,19980420
2016025131,19971215
2016062121,19971130
2016013323,19980430
2016063116,19980325
2016151429,19991003
2016016122,19970521
2016042320,19981107
2016041413,19980112
2016042325,19980119
2016042213,19980713
2016124311,19981021
2016124312,19980114
2016124411,19970901
2016037215,19980717
2016125111,19980714
2016062305,19980305
2016121307,980406
2016121212,19971218
2016122112,19970222
2016013105,980519
2016125308,19940423
2016151410,19970302
2016082308,19980902
2016121109,980424
2016151124,19970428
2016016213,19971112
2016136102,19970926
2016250633,990208
2016250803,19980903
2016251110,19990217
2016251001,19980929
2016251123,19971009
2016042405,19990125
2016081317,19980912
2016016219,19971129
2016042410,19980808
2016042323,19970713
2016013226,19980226
2016013212,19950723
2016081117,971212
2016131212,19970401
2016124207,19971002
2016131221,19980827
2016121132,19970906
2016111211,19961006
2016035121,19971023
2016142216,19970611
2016151325,19970608
2016151207,19970113
2016148206,19971023
2016062211,19971118
2016061101,19970329
2016083215,19981003
2016151125,980119
2016024201,19980918
2016024213,19980717
2016023219,19970722
2016039215,19971223
2016034201,19980416
2016016216,19980308
2016146220,19980901
2016035207,19970717
2016061104,970629
2016015108,19971107
2016041106,970726
2016081129,19980314
2016031122,19981128
2016124218,19990122
2016042204,970817
2016124316,19980505
2016042412,990123
2016042220,19980217
2016023230,19981014
2016023206,19981024
2016151304,19981129
2016171227,19971213
2016082324,19980520
2016250622,19980120
2016250831,19970606
2016250414,19970101
2016251014,19980824
2016251009,19990107
2016251315,19970403
2016122219,19980211
2016015125,19971116
2016024119,19960726
2016121319,19971216
2016114222,980822
2016012115,19980521
2016014104,961125
2016122104,19971202
2016082415,19981211
2016082312,19980724
2016111327,19980801
2016151523,19980511
2016142203,19980201
2016151427,19960316
2016051123,19980728
2016114124,19970406
2016111208,970730
2016114122,19970415
2016037226,19980808
2016039206,19990409
2016039115,19990121
2016016413,980323
2016033206,19970110
2016023423,19971204
2016037205,19980703
2016033223,19980902
2016124425,950424
2016124303,19960923
2016042426,19980716
2016124420,19990217
2016042403,19981027
2016094113,19980705
2016094115,19980329
2016016308,19980420
2016022415,19960816
2016082311,19960716
2016155103,19961122
2016173221,19970607
2016025223,970713
2016082316,19960924
2016022108,19960727
2016096123,19970214
2016093105,19980526
2016094102,19980306
2016096117,19970517
2016175104,19980913
2016175212,19980112
2016094138,19970831
2016094122,19980310
2016175217,19980512
2016094118,19980320
2016155113,19980826
2016151114,19980412
2016037201,19970916
2016033123,19981009
2016148122,19980728
2016041113,19980703
2016131120,19980610
2016082124,981124
2016082105,19980905
2016016201,19980414
2016151228,980716
2016155122,19980712
2016041308,980219
2016061114,19971026
2016151120,19970901
2016022412,19941103
2016250913,19970410
2016250301,19970222
2016131403,19980226
2016083219,19980514
2016171204,19970918
2016039229,19980809
2016091110,19961119
2016131620,19971102
2016081502,19980909
2016013321,970824
2016082220,19980428
2016013116,19980617
2016023326,19980621
2016151506,980430
2016114206,19981008
2016063223,19971011
2016151415,19980704
2016151603,19980503
2016111130,19980124
2016111415,19980712
2016035201,19980429
2016022406,19990312
2016151217,19990118
2016033115,19981210
2016111403,19980211
2016053222,19980226
2016062223,980319
2016052206,19980502
2016136424,19990515
2016023105,19980310
2016033208,19980628
2016037204,980627
2016013103,19970518
2016142222,970829
2016136426,19980104
2016023509,19971208
2016251313,19981212
2016023203,19980126
2016146113,19980425
2016111207,19980630
2016173118,19980314
2016155114,19970315
2016012327,19980221
2016062324,19971006
2016064112,19980503
2016146208,980407
2016112330,19970110
2016111427,960305
2016034115,19960804
2016131402,19970819
2016014205,990311
2016013216,19971215
2016014122,19970209
2016015206,980208
2016041401,19980213
2016251011,19970713
2016148121,19970807
2016111222,19980412
2016132129,971229
2016136304,980124
2016111410,19971212
2016136217,19971120
2016131604,19980102
2016131416,19980504
2016112206,19980226
2016053123,980512
2016064107,19970724
2016131427,19961029
2016063109,19980519
2016063206,19980320
2016014114,19970727
2016043115,19980706
2016125117,19980819
2016015205,19970421
2016013213,19970815
2016250907,19971219
2016251208,19980329
2016083401,19970605
2016112226,19980103
2016024113,19980120
2016023525,19971030
2016037125,19961217
2016112127,971214
2016111223,19970803
2016136603,19970818
2016131522,19980531
2016023130,971002
2016146123,19970725
2016083205,19970809
2016022224,19961008
2016022422,19961014
2016148127,19970123
2016111206,19951214
2016053101,19980720
2016114108,19971228
2016148208,19970922
2016136514,19980909
2016039202,971110
2016053110,19980322
2016052221,19970718
2016034229,19990120
2016035122,19960915
2016081609,19961229
2016111212,971023
2016053107,19970308
2016023327,19971007
2016023515,980219
2016022316,19970929
2016022424,19961005
2016061206,19941116
2016037206,19980523
2016125121,19970827
2016114106,19971029
2016125310,19980317
2016250524,19980619
2016250925,19971221
2016250523,19970421
2016250336,19960811
2016250828,19970315
2016061215,19971129
2016033211,19980729
2016025128,19981211
2016091111,19980214
2016081505,19980905
2016034224,19990531
2016148106,19971115
2016148116,19971002
2016043105,19971116
2016125203,981201
2016061219,19981129
2016043119,19970204
2016012207,010315
2016022212,19980326
2016033103,19980307
2016035208,19980325
2016013222,19970308
2016041107,19980507
2016082403,19971102
2016037115,19981106
2016022427,19980312
2016014116,980216
2016251116,19981229
2016124403,980126
2016124323,19980520
2016042322,19980614
2016124127,19980626
2016124105,19980926
2016042404,19981006
2016175226,19970526
2016094140,19980524
2016094131,19980420
2016093220,990503
2016093222,19980330
2016175213,19971119
2016125215,19971002
2016041204,19980225
2016014203,19980131
2016016118,990509
2016012104,19970831
2016062114,980408
2016171215,19980413
2016136403,19960320
2016094109,19980110
2016175107,19980527
2016096101,19970628
2016082102,19980719
2016136115,971216
2016033212,19980622
2016035123,19971103
2015250231,19970203
2015250235,19970119
2015250301,19950627
2015250303,19970430
2015250307,19961004
2016148109,19980207
2016052217,19970923
2016051119,19960101
2016155125,19960821
2016051114,19981207
2016151408,19980826
2016034119,19961127
2016114127,19980606
2016022314,19981008
2016034214,19971028
2016173220,19980126
2016111104,19980708
2016024232,980522
2016175205,19980318
2016093102,980212
2016114212,19970815
2016034218,19971010
2016034120,19970209
2016173120,19970701
2015250317,19960109
2015250330,961120
2015250331,960218
2015250336,19961101
2015250409,960701
2016122108,980710
2016122223,19980901
2016125205,19980128
2016125114,19980707
2016017206,19961116
2016251325,19980408
2016114203,19970904
2016132127,19980429
2016148213,19970808
2016034116,19980513
2016023424,19981012
2016125218,19970527
2016146202,19970929
2016034208,19990114
2016017210,19960515
2016016207,19980617
2016094125,19960905
2016175130,19971220
2016175224,19980926
2016175132,19980908
2016175207,19970424
2016093111,19951017
2016093218,19970906
2016175123,19981103
2016136512,970709
2016022324,19981217
2016136223,19971107
2016136621,971125
2016063103,19981129
2016146228,19980612
2016062303,19981102
2016112209,19970803
2016111301,19970114
2016148104,19981110
2016033229,19951006
2016051103,19970722
2016024203,19980515
2016111224,960926
2016052205,19970228
2016034125,19980424
2016041302,19980106
2016061122,19980708
2016121223,19971104
2016012117,19950120
2016041321,19980717
2016122124,19981210
2016142215,19980120
2016081108,980529
2016131121,19980227
2016042415,19980828
2016083106,19980108
2016053226,961014
2016146102,19960720
2016155219,19981020
2016025124,19960828
2016112314,19980606
2016052228,19980213
2016142115,19980607
2016082225,981010
2016250516,19980305
2016250626,19980207
2016250328,19981114
2016250732,19970517
2016250901,19980503
2016250323,19960109
2016250413,19971230
2016250521,19971214
2016250610,19980815
2016142220,19990829
2016155211,19980220
2016155117,19971121
2016023524,19971005
2016013329,19970726
2016024227,19980124
2016142101,19981014
2016151113,19971023
2016251304,19970818
2016251209,19980506
2016251107,19980118
2016251008,19980130
2016052224,19960211
2016012314,19971015
2016012310,19980729
2016250315,19980120
2016250618,19980221
2016250631,19980913
2016061103,19960709
2016012107,19961031
2016062326,19980724
2016015111,19971121
2016250920,19970709
2016250305,19970413
2016250609,19980511
2016024208,19980808
2016082408,19980505
2016024219,19961215
2016081613,19990804
2016151521,19980112
2016155203,19980325
2016031218,19950826
2016013419,19981215
2016173112,19980331
2016081626,19971024
2016023528,19980101
2016081412,19980821
2016039123,980516
2016013217,19980227
2016039118,19980806
2016026113,19971210
2016148113,19980501
2016062320,19970419
2016037127,19980917
2016063104,19980524
2016124305,19990726
2016025224,19980706
2016093312,19970915
2016093309,19970731
2016124221,19980418
2016136125,19981127
2016124318,19980629
2016081208,19980406
2016131621,19961211
2016052219,19961128
2016081601,19940328
2016151405,19970505
2016155217,19990211
2016125206,19970804
2016136213,19971212
2016112126,19990201
2016083426,19990101
2016250518,19980725
2016013327,19970115
2016251112,19970616
2016251013,20010503
2016012129,19961116
2016251017,19980719
2016250601,19950404
2016250616,19980306
2016250334,19981228
2016250229,19970705
2016013421,19961001
2016081328,19971225
2016136521,980112
2016131322,19981216
2016251020,19970925
2016251111,19970606
2016251301,19980914
2016250726,19970815
2016111113,981023
2016012309,19971212
2016081403,19970227
2016033122,980529
2016016313,19970104
2016061205,19990201
2016033205,19980811
2016142122,19970309
2015250032,19970902
2015250040,19970521
2015250041,19960511
2015250047,961117
2015250502,970918
2015250509,19960117
2015250513,971124
2015250520,19960829
2015250522,19960513
2015250523,19961029
2015250713,19970405
2015250727,19970621
2015250733,19971116
2015250812,19970214
2015250918,19960622
2015250939,19970920
2015250942,19961011
2015250943,19970102
2015250134,19970123
2015250138,19980311
2015250212,19960622
2015250538,970429
2015250616,19970806
2015250624,19970228
2015250632,19971012
2015250706,951008
2015250708,19960301
2015250828,19960928
2015250839,19960722
2015250902,19980109
2015250908,19960814
2015250909,19960902
2015250910,19970625
2015250915,19970518
2015250015,19971201
2015250018,19970303
2015250019,19970815
2015250026,19950709
2016111401,19960416
2016063214,19980305
2016061117,19961209
2016052201,19960509
2016136201,19970213
2016125305,19960422
2016024102,980604
2016250329,19971006
2016250425,20000501
2016250520,20000328
2016250730,19980325
2016250825,19971118
2016250932,19970823
2016250404,19971212
2016250112,19980406
2016250812,19980127
2016250526,19971211
2016250208,19980812
2016250820,19960506
2016041412,19970419
2016022315,19980803
2016131414,19970420
2016091214,19980726
2016124424,980505
2016125322,19971106
2016250634,19971222
2016173111,19980928
2016025106,980625
2016022408,19971017
2016063221,19980504
2016250720,19980121
2016250619,19971106
2016251109,19970901
2016251322,19980401
2016250930,19970819
2016052110,19980510
2016023109,980831
2016026109,19960312
2016082423,19980319
2016142109,971102
2016250929,19980526
2016250630,19980420
2016250801,19970828
2016250919,19970908
2016250608,19971006
2016250923,19970915
2016250324,19971020
2016251002,970627
2016132106,19981207
2016122114,960116
2016016124,19970730
2016136416,19971109
2016063210,19980204
2016013428,19980521
2016022319,19980420
2016142112,19971009
2016025103,19990221
2016250623,19990312
2016114107,19970826
2016250734,980925
2016083328,19981201
2016013202,19970715
2016013112,19970607
2016013316,19971219
2016063107,971228
2016061224,19980324
2016017214,19980411
2016061228,19981015
2016015126,19971125
2016014212,19980928
2016014215,19981117
2016151229,19970910
2016039119,19970225
2016043108,19980210
2016064203,19970404
2016062312,19971216
2016148118,19980427
2016111102,19980316
2016148210,19960408
2016111412,19960809
2016017220,19971118
2016016101,980207
2016015203,970212
2016041417,19970602
2016012306,19970803
2016013418,19960210
2016250602,19980216
2016250522,19980630
2016250422,19960206
2016250934,19971120
2016250806,19970219
2016250327,19980108
2016250228,19980515
2016250433,19981117
2016250234,19980604
2016250916,19990115
2016250123,19990108
2016043220,19981024
2016142219,19990111
2016034103,19980504
2016022318,19980218
2016122227,980511
2016136523,19970830
2016250513,19980614
2016015121,970816
2016013228,19980608
2016039126,19980131
2016148212,19980529
2016124223,981021
2016063205,19980912
2016052229,19981016
2016022429,19961018
2016082425,19971003
2016083223,19980131
2016148124,19980821
2016035118,19980302
2016081302,19980221
2016136312,970409
2016112313,19970518
2016131418,19961116
2016023623,971121
2016033202,19981103
2016061203,19980110
2016250212,19970621
2016093117,19981112
2016093304,19980316
2016031133,19970125
2016025119,19951129
2016112115,19950523
2016114129,19971028
2016052220,960218
2016148120,19960715
2016037118,19970819
2016051118,19960624
2016083214,19980728
2016035226,980427
2016053129,19981212
2016052103,19971127
2016151318,19980219
2016111114,19980727
2016051115,19980716
2016023518,20000330
2016082322,19980402
2016114218,19980208
2016022410,19950610
2016022302,19980517
2016035106,19980510
2016148125,19960320
2016121322,19981020
2016173113,19970305
2016035214,19971020
2016112225,19980604
2016026105,970226
2016039117,19960708
2016015226,19980817
2016014207,19971106
2016061102,19980625
2016016123,19971213
2016016217,19970708
2016061128,19980503
2016015102,19990522
2016017216,19961122
2016121206,19980301
2016250512,19980724
2016250313,19980220
2016250914,19980928
2016250136,19980419
2016251015,19990310
2016251117,19971028
2016131507,980406
2016052121,19980324
2016250711,19980705
2016091103,19971128
2016025125,19970724
2016043212,19980422
2016114109,19980327
2016112323,19980828
2016142204,19980703
2016173206,19970110
2016171129,19971211
2016112106,980216
2016173219,19980110
2016112322,19970624
2016022208,19970823
2016062307,19970519
2016023422,19971002
2016136627,19971213
2016250928,19980909
2016016119,19980318
2016250731,980213
2016023406,19981014
2016112112,19940928
2016131514,19950315
2016155218,19970307
2016052211,19980923
2016016220,19970621
2016151401,19971008
2016250309,19970412
2016250605,19970222
2016131619,19980228
2016025123,19971001
2016024206,19981106
2016146217,19971009
2016081503,19980202
2016250717,19970113
2016081519,19990916
2016081622,19980517
2016173211,19980421
2016112207,19980127
2016136204,19981223
2016136410,19970417
2016081311,19971130
2016250834,19970706
2016091209,980218
2016094126,19970325
2016122121,19980415
2016041409,19971124
2016014117,19970823
2016016120,980410
2016173214,19980603
2016111323,19980111
2016173102,19980628
2016023112,970715
2016112101,19980928
2016171110,19960505
2016082427,19970108
2016012317,971217
2016031206,19990102
2016034231,19970602
2016024115,19951204
2016022407,19970307
2016034225,19980210
2016131501,19980428
2016148229,19981009
2016015221,19980902
2016013118,19980411
2016015124,981224
2016064219,19980920
2016061222,19971029
2016041415,19980919
2016016203,19980227
2016016324,19970521
2016131127,980618
2016081522,19971224
2016250430,970815
2016250528,19980702
2016250908,19970130
2016250912,19990302
2016251324,19970718
2016251122,19970819
2016081520,19980518
2016023604,19971220
2016250835,19970908
2016136225,19980504
2016132115,19970313
2016136520,19980718
2016023208,19980310
2016151424,19970224
2016124319,19980809
2016250317,19970601
2016250426,19950922
2016250818,19970718
2016251318,19950810
2016251302,19980815
2016251101,19980904
2016250926,981207
2016063213,970510
2016114215,19980811
2016136302,19980127
2016250515,19980706
2016250325,19980208
2016250910,19980222
2016016403,980522
2016061225,19990326
2016016419,19981108
2016012112,19980412
2016013313,980211
2016013411,19970220
2016122206,19980322
2016082310,19970805
2016131308,19970314
2016014222,19980404
2016024112,19980531
2016022222,19970610
2016013230,19970726
2016041304,19970715
2016122218,19971218
2016013403,19980124
2016016307,19980605
2016173207,19971003
2016131527,990219
2016053121,19971110
2016114208,19980726
2016035119,19980716
2016037111,19971107
2016022106,19980828
2016026116,19971203
2016136526,19970926
2016171123,19980306
2016111216,19980112
2016171117,19980917
2016012205,19980818
2016171216,19980212
2016111203,19950819
2016022327,19980422
2016081618,19971214
2016112117,19980904
2016022322,19951001
2016063110,19970204
2016151502,19980322
2016171112,19961212
2016148221,19980527
2016175216,19980327
2016096113,19971224
2016094130,19971117
2016093308,19971103
2016096122,19970301
2016093302,19971226
2016175119,19980824
2016093210,19980816
2016062216,19970422
2016025229,19980525
2016093314,19971101
2016093119,980511
2016175214,19980407
2016175108,19970409
2016082128,19980610
2016124314,19980429
2016124422,19970127
2016094114,19970615
2016093120,19980521
2016094111,19980410
2016096111,19980521
2016041114,19970816
2016122103,19970722
2016151211,19980723
2016155123,19981113
2016062318,19980419
2016064207,971215
2016064128,980124
2016250604,20000513
2016250330,19971004
2016250811,19971103
2016250204,19970723
2016250209,19980301
2016250501,19990720
2016250728,19950414
2016250823,19980719
2016250931,19970223
2016250203,19960115
2016250715,19971029
2016023420,19981216
2016013229,19980409
2016037208,19980110
2016039208,19980714
2016081408,981002
2016023427,19960922
2016136625,19970523
2016122225,19981213
2016082424,19981130
2016173222,19980619
2016062105,19980406
2016033113,19990630
2016112217,980401
2016053212,19971101
2016023116,19960716
2016136616,19971028
2016035205,19970208
2016035104,19980126
2016053115,19971208
2016091112,19970513
2016148114,19980727
2016146117,19980117
2016122222,980403
2016016320,19970311
2016041405,19980402
2016125323,19971101
2016013311,19981216
2016122226,19980519
2016124406,19980510
2016043201,19961223
2016124213,19980803
2016015117,970707
2016125313,19980111
2016037124,19980205
2016016214,19971105
2016013215,19980311
2016035109,19960531
2016023209,19970824
2016112120,19981022
2016015208,19980327
2016114226,19970112
2016114207,19980718
2016043210,19961114
2016062209,19970428
2016013122,980520
2016014124,19980817
2016121113,19980329
2016136203,19981113
2016131419,19970420
2016173115,19981106
2016014210,19970621
2016023505,19981001
2016114128,19980321
2016125306,19980817
2016091109,19970630
2016043219,19971110
2016024101,19980528
2016023319,19970813
2016148115,19990111
2016023403,19961015
2016131327,980618
2016082416,19951223
2016151419,19960303
2016022311,19971018
2016175131,19970818
2016096106,19970404
2016175221,19980515
2016175203,981016
2016175109,19970810
2016175202,19980211
2016175120,19980104
2016093317,19980327
2016096108,19971015
2016093307,19981018
2016124129,19980103
2016042301,19970613
2016042313,19980102
2016121122,19980522
2016148119,19980205
2016112102,970723
2016035217,19980917
2016151519,19970130
2016052123,19980206
2016042321,19981221
2016042103,19970915
2016124227,19971109
2016042316,19971003
2016124107,980826
2016175208,19980313
2016096105,970324
2016093106,19970525
2016175220,19970415
2016093205,19980826
2016093318,19971207
2016175127,19990105
2016175129,19980421
2016093212,19990618
2016175219,19980529
2016111424,19971009
2016136101,19970105
2016081111,19981210
2016041116,19980201
2016042105,19940410
2016124203,19970808
2016151118,19971009
2016148101,980717
2016171108,19980409
2016121309,981207
2016173224,19980315
2016035108,19991028
2016081203,19990214
2016136123,19961008
2016041216,19970124
2016041419,19980509
2016042106,19970102
2016042222,19981218
2016042113,19970727
2016041123,970715
2016124102,19990117
2016124112,19980918
2016042307,19980223
2016124415,19970105
2016124326,19970812
2016124409,19990501
2016124322,19980721
2016124407,19970809
2016051112,19980620
2016081517,19970817
2016052116,19980328
2016146111,19960928
2016081424,19970503
2016132217,19961117
2016131404,19950817
2016136605,981026
2016122212,19980811
2016022405,19980625
2016122211,19980830
2016034220,19971015
2016017217,19970115
2016136618,19970620
2016024107,19971016
2016052124,19961003
2016022109,19971228
2016023521,19980103
2016173126,19980226
2016155102,19970629
2016013412,19960809
2016052213,19980418
2016013328,19981010
2016013211,19980619
2016034113,19981010
2016033228,19980517
2016023214,19981014
2016023225,19981216
2016013123,19960605
2016121133,19980922
2016112214,19980110
2016131415,19981105
2016151525,19980625
2016131509,19970227
2016081321,981008
2016136506,19980321
2016022128,19990119
2016061106,19970411
2016151204,19980604
2016155224,19980619
2016043125,19980521
2016081513,19970826
2016171114,19980926
2016083413,19971113
2016013326,19980211
2016013325,19980102
2016155128,19990301
2016171217,19990305
2016033227,19980407
2016131426,19970914
2016132116,19981207
2016151226,19941107
2016155222,19970517
2016022210,970815
2016136218,980107
2016148228,990606
2016131115,971102
2016175230,960322
2016175218,19980101
2016131228,19971204
2016042419,19980331
2016015217,19970301
2016142116,990108
2016151105,19980517
2016051106,19971220
2016171206,19971116
2016082421,19990530
2016017218,19960413
2016012211,19971111
2016026226,19980325
2016151104,19980920
2016034227,19971121
2016151216,19980515
2016083326,981005
2016017122,19970916
2016125119,19980319
2016016204,19980823
2016023411,19980430
2016146126,19971125
2016146215,19970927
2016052212,19980102
2016151302,19971102
2016125220,19990126
2016023428,19971003
2016062208,19980901
2016052226,19971213
2016151613,19970429
2016155126,19970615
2016142218,19970509
2016171201,19970416
2016043118,19980116
2016151128,19980102
2016081413,19980814
2016023523,19971030
2016131323,19981001
2016022411,19980719
2016173108,19971220
2016081523,970929
2016012312,19980528
2016022225,19961116
2016012222,19970926
2016016210,19970628
2016023107,19980331
2016173123,19980417
2016173213,19981001
2016146122,19980116
2016025114,19970701
2016033107,19971211
2016142209,19981020
2016146112,19980301
2016148217,19971115
2016146219,19980405
2016132207,19980717
2016121306,19980810
2016148203,19970423
2016035120,19980318
2016031117,19971110
2016124219,19970825
2016094132,19980403
2016093305,19970702
2016094117,19970316
2016094129,19980126
2016175115,19980326
2016175225,19971120
2016175223,19980209
2016094121,19970719
2016093124,19980505
2016093311,19971222
2016094127,19980519
2016093323,19980203
2016175232,19980828
2016175118,19971210
2016096109,19990904
2016081218,19971016
2016082107,19970304
2016136132,19980523
2016124412,19980702
2016136113,19980128
2016041421,19980212
2016136133,19980503
2016082113,19980126
2016124225,971230
2016016116,19990722
2016173210,19981021
2016083224,19961029
2016013119,19971122
2016013425,19970615
2016013314,19971023
2016136103,19970921
2016041423,980718
2016131219,19970525
2016131207,19980513
2016031112,19980706
2016131516,19960913
2016081623,19971016
2016112310,19980510
2016014103,19980604
2016250434,19980630
2016121218,19980707
2016131220,19971018
2016121121,19980324
2016121301,19971223
2016121110,19981220
2016142202,19980607
2016039129,19980623
2016023228,19971231
